StationNum:30
CrowdNum:50
CustomerNum:100
candidate lat lng capaLower capaUpper
1 426 554 100 1000
2 864 279 100 1000
3 731 504 100 1000
4 806 263 100 1000
5 637 357 100 1000
6 634 731 100 1000
7 351 945 100 1000
8 664 595 100 1000
9 677 874 100 1000
10 684 851 100 1000
11 35 719 100 1000
12 370 415 100 1000
13 61 319 100 1000
14 634 443 100 1000
15 689 829 100 1000
16 589 34 100 1000
17 264 329 100 1000
18 703 67 100 1000
19 958 891 100 1000
20 262 472 100 1000
21 79 234 100 1000
22 167 519 100 1000
23 377 928 100 1000
24 883 41 100 1000
25 415 820 100 1000
26 102 786 100 1000
27 174 503 100 1000
28 300 357 100 1000
29 16 229 100 1000
20 665 826 100 1000
worker latO lngO latD lngD capacity
1 198 753 780 143 300
2 98 852 115 327 300
3 371 600 400 966 300
4 547 971 691 618 300
5 60 419 121 796 300
6 204 308 33 36 300
7 238 666 981 331 300
8 164 391 570 840 300
9 880 608 772 324 300
10 444 966 383 57 300
11 198 753 780 143 200
12 98 852 115 327 200
13 371 600 400 966 200
14 547 971 691 618 200
15 60 419 121 796 200
16 826 196 164 875 200
17 755 921 434 328 200
18 317 25 386 574 200
19 26 302 788 907 200
20 477 11 909 551 200
21 458 484 739 598 100
22 665 5 866 231 100
23 546 678 662 34 100
24 757 663 381 694 100
25 884 888 436 107 100
26 962 433 529 867 100
27 78 818 612 473 100
28 544 935 707 298 100
29 41 925 895 268 100
30 459 577 707 857 100
31 62 350 811 783 100
32 335 460 934 938 100
33 374 477 966 955 100
34 204 948 556 739 100
35 304 456 324 789 100
36 320 820 833 332 100
37 439 819 448 397 200
38 869 521 15 31 200
39 542 28 587 607 200
40 843 846 82 768 200
41 867 314 258 312 200
42 143 544 552 38 200
43 695 582 876 329 200
44 264 705 803 785 200
45 991 448 823 5 200
46 6 201 532 464 300
47 285 353 156 583 300
48 803 657 535 764 300
49 458 655 996 311 300
50 739 482 423 93 300
customer lat lng demand
1 612 199 50
2 864 279 50
3 684 851 50
4 806 263 50
5 637 357 50
6 634 731 70
7 351 945 70
8 664 595 70
9 677 874 70
10 731 504 70
11 89 803 20
12 697 604 20
13 817 947 20
14 86 108 20
15 9 596 20
16 406 956 30
17 148 84 30
18 349 524 30
19 947 317 30
20 646 27 30
21 718 325 20
22 906 651 20
23 889 936 20
24 953 118 20
25 908 868 20
26 335 495 20
27 77 834 20
28 337 341 20
29 482 288 20
30 415 572 20
31 274 837 30
32 581 738 30
33 246 853 30
34 109 299 30
35 5 669 30
36 255 457 30
37 909 568 30
38 920 756 30
39 7 655 30
40 441 88 30
41 569 543 40
42 897 775 40
43 226 802 40
44 114 664 40
45 629 333 40
46 640 347 40
47 850 655 40
48 742 663 40
49 290 424 40
50 553 92 40
51 286 957 50
52 129 245 50
53 435 940 50
54 141 578 50
55 578 334 50
56 732 726 50
57 624 979 50
58 416 416 50
59 826 58 50
60 862 977 50
61 326 380 60
62 344 764 60
63 512 437 60
64 937 700 60
65 826 559 60
66 822 590 60
67 788 123 60
68 455 671 60
69 317 685 60
70 314 568 60
71 123 549 70
72 665 826 70
73 756 911 70
74 50 508 70
75 439 921 70
76 86 447 70
77 731 971 70
78 832 357 70
79 85 486 70
80 130 344 70
81 98 41 10
82 182 538 10
83 954 175 10
84 555 470 10
85 4 246 10
86 717 485 10
87 306 252 10
88 925 566 10
89 105 781 10
90 812 738 10
91 337 94 30
92 96 457 30
93 193 37 30
94 750 998 30
95 713 377 30
96 57 697 40
97 504 197 40
98 727 494 40
99 30 311 40
100 175 156 40