
-----------predict
parcel number:10
35.0	48.0	83.0	0.7	0.6	2.3333333333333335	0.944
10.0	50.0	60.0	0.5	0.4	2.5	0.341
29.0	38.0	67.0	0.5	0.6	1.6666666666666667	0.099
21.0	70.0	91.0	0.4	0.4	2.0	0.092
5.0	126.0	131.0	0.09999999999999998	0.2	1.0	0.029
33.0	38.0	71.0	0.7	0.6	2.3333333333333335	0.303
6.0	100.0	106.0	0.4	0.4	2.0	0.082
21.0	102.0	123.0	0.19999999999999996	0.4	1.0	0.039
33.0	40.0	73.0	0.7	0.6	2.3333333333333335	0.132
24.0	44.0	68.0	0.7	0.6	2.3333333333333335	0.191
parcel number:20
56.0	128.0	184.0	0.55	0.5	2.2	0.582
53.0	34.0	87.0	0.8	0.6	2.6666666666666665	2.136
61.0	16.0	77.0	0.75	0.6	2.5	1.294
71.0	28.0	99.0	0.85	0.6	2.8333333333333335	1.279
26.0	200.0	226.0	0.25	0.3	1.6666666666666667	0.16
67.0	64.0	131.0	0.75	0.6	2.5	2.074
-----------predict
parcel number:10
35.0	48.0	83.0	0.7	0.6	2.3333333333333335	0.982
10.0	50.0	60.0	0.5	0.4	2.5	0.345
29.0	38.0	67.0	0.5	0.6	1.6666666666666667	0.106
21.0	70.0	91.0	0.4	0.4	2.0	0.095
5.0	126.0	131.0	0.09999999999999998	0.2	1.0	0.029
33.0	38.0	71.0	0.7	0.6	2.3333333333333335	0.292
6.0	100.0	106.0	0.4	0.4	2.0	0.084
21.0	102.0	123.0	0.19999999999999996	0.4	1.0	0.039
33.0	40.0	73.0	0.7	0.6	2.3333333333333335	0.131
24.0	44.0	68.0	0.7	0.6	2.3333333333333335	0.189
parcel number:20
56.0	128.0	184.0	0.55	0.5	2.2	0.572
-----------predict
parcel number:10
-----------predict
parcel number:10
35.0	48.0	83.0	0.7	0.6	2.3333333333333335	1.01
-----------predict
parcel number:10
-----------predict
parcel number:10
-----------predict
parcel number:10
35.0	48.0	83.0	0.7	0.6	2.3333333333333335	0.965
-----------predict
parcel number:10
-----------predict
parcel number:10
35.0	48.0	83.0	0.7	0.6	2.3333333333333335	0.975
-----------predict
parcel number:10
-----------predict
parcel number:10
35.0	48.0	83.0	0.7	0.6	2.3333333333333335	0.978
-----------predict
parcel number:10
-----------predict
parcel number:10
35.0	48.0	83.0	0.7	0.6	2.3333333333333335	0.952
-----------predict
parcel number:10
-----------predict
parcel number:10
35.0	48.0	83.0	0.7	0.6	2.3333333333333335	0.974
-----------predict
parcel number:10
-----------predict
parcel number:10
35.0	48.0	83.0	0.7	0.6	2.3333333333333335	0.978
-----------predict
parcel number:10
-----------predict
parcel number:10
35.0	48.0	83.0	0.7	0.6	2.3333333333333335	1.014
-----------predict
parcel number:10
-----------predict
parcel number:10
35.0	48.0	83.0	0.7	0.6	2.3333333333333335	6.076
-----------predict
parcel number:10
-----------predict
parcel number:10
35.0	48.0	83.0	0.7	0.6	2.3333333333333335	0.978
-----------predict
parcel number:10
35.0	48.0	83.0	0.7	0.6	2.3333333333333335	0.989
