Customer Sample Objective Runtime Isoptimal Bound Nodes Cuts firstStage secondStage firstplussecond expectedObj CVaR
method1: cplex RL
Customer Sample Objective Runtime Isoptimal Bound Nodes Cuts firstStage secondStage firstplussecond expectedObj CVaR
method1: cplex RL
10 25 1196 76870 1196.0 15 11 192.090377786959 1003.4546606018563 1195.5450383888153 1003.4546606018563 0.0
10 50 1063 209333 1063.0 5 15 153.35956654965915 906.2993781532957 1059.6589447029548 906.2993781532957 0.0
10 75 1068 240717 1068.0 4 11 156.42600341752032 911.1697824834062 1067.5957859009266 911.1697824834062 0.0
10 100 1016 302636 1016.0 3 12 162.65115180492705 853.6545451908815 1016.3056969958086 853.6545451908815 0.0
20 25 3147 5429217 3147.0 451 129 240.0 2694.4773828880825 2934.4773828880825 2694.4773828880825 0.0
20 50 3271 5058502 3271.0 227 72 240.0 2696.7956678521755 2936.7956678521755 2696.7956678521755 0.0
20 75 2927 7687271 2927.0 121 60 236.05100591536944 2727.9984711290126 2964.049477044382 2727.9984711290126 0.0
20 100 3098 7251102 2718.0 88 57 234.0623518144472 2671.304170278689 2905.366522093136 2671.304170278689 0.0
30 25 7313 7456814 366.0 0 25 412.9680311007737 4959.822000367305 5372.790031468079 4959.822000367305 0.0
30 50 6870 7323289 355.0 0 14 373.9276577545696 4955.392467851231 5329.320125605801 4955.392467851231 0.0
Customer Sample Objective Runtime Isoptimal Bound Nodes Cuts firstStage secondStage firstplussecond expectedObj CVaR
method1: cplex RL
method3: enumerate memory
10 25 2496 899 true 2496.0 39 27 170.27552688062065 2198.0281414462993 2368.30366832692 2198.0281414462993 0.0 0.0
10 50 2292 815 true 2292.0 18 20 270.61590616958955 2013.8081460566793 2284.424052226269 2013.8081460566793 0.0 0.0
10 75 2450 1250 true 2450.0 14 23 276.92390444721104 2159.402175970534 2436.326080417745 2159.402175970534 0.0 0.0
10 100 2417 1607 true 2417.0 23 24 246.61740472530607 1987.044541921274 2233.66194664658 1987.044541921274 0.0 0.0
20 25 4221 97757 true 4221.0 343 154 319.9466696544174 3845.0784442627914 4165.025113917209 3845.0784442627914 0.0 0.0
20 50 4198 157102 true 4198.0 294 127 499.16610284350725 3698.7543050878203 4197.920407931328 3698.7543050878203 0.0 0.0
20 75 4109 112987 true 4109.0 68 62 420.0 3644.253826061489 4064.253826061489 3644.253826061489 0.0 0.0
20 100 4034 259479 true 4034.0 214 112 480.0 3551.4381121702827 4031.4381121702827 3551.4381121702827 0.0 0.0
30 25 6054 4943548 true 6054.0 4196 741 669.38799169162 5371.815907819195 6041.203899510815 5371.815907819195 0.0 0.0
30 50 5865 7211846 false 5299.0 1818 556 747.3675924547099 5013.446382962149 5760.813975416859 5013.446382962149 0.0 0.09650468883205456
30 75 6406 7208561 false 5574.0 794 387 576.0640617840353 5732.382086908269 6308.446148692305 5732.382086908269 0.0 0.12987823915079613
30 100 5888 7200820 false 5006.0 1119 291 723.241167084651 5158.317379865115 5881.558546949766 5158.317379865115 0.0 0.14979619565217392
40 25 8124 7210519 false 1233.0 110 178 777.9414745605102 7164.813417703583 7942.754892264093 7164.813417703583 0.0 0.8482274741506647
40 50 7602 7245144 false 644.0 36 90 737.3788366964561 6863.508684978882 7600.887521675339 6863.508684978882 0.0 0.9152854511970534
40 75 8225 7212404 false 598.0 10 60 698.339121370481 7056.22776975064 7754.5668911211205 7056.22776975064 0.0 0.9272948328267477
40 100 8224 7314954 false 581.0 10 47 713.9030026820988 7193.592768322477 7907.495771004576 7193.592768322477 0.0 0.929353112840467
method4: enumerate memory multiCut
10 25 2660 348 true 2660.0 16 307 181.12961907734027 2195.6491584741857 2376.7787775515258 2195.6491584741857 0.0 0.0
10 50 2346 582 true 2346.0 25 618 211.74625422593746 2050.405848308025 2262.152102533962 2050.405848308025 0.0 0.0
10 75 2607 1027 true 2607.0 27 841 241.70582743872149 2135.6270138529617 2377.332841291683 2135.6270138529617 0.0 0.0
10 100 2286 1637 true 2286.0 28 1606 203.8111887249969 2003.624079318598 2207.435268043595 2003.624079318598 0.0 0.0
20 25 4271 47895 true 4271.0 282 1512 508.4554921874633 3659.3584484075673 4167.8139405950305 3659.3584484075673 0.0 0.0
20 50 4426 66432 true 4426.0 374 1953 592.1072032450818 3648.9864115239334 4241.093614769015 3648.9864115239334 0.0 0.0
20 75 4208 123672 true 4208.0 252 3841 485.9863456602482 3614.4118284848705 4100.398174145119 3614.4118284848705 0.0 0.0
20 100 4094 136399 true 4094.0 309 4818 569.4219169161596 3517.1163052745997 4086.5382221907594 3517.1163052745997 0.0 0.0
30 25 6228 1286328 true 6228.0 1785 3946 776.7478515218727 5362.622538947042 6139.370390468915 5362.622538947042 0.0 0.0
30 50 5839 1822147 true 5839.0 2465 5461 837.6908701849073 4999.218789929347 5836.909660114254 4999.218789929347 0.0 0.0
30 75 6436 2946506 true 6436.0 1059 9113 854.0255475702972 5426.36680917611 6280.392356746407 5426.36680917611 0.0 0.0
30 100 6116 5698706 true 6116.0 1706 17895 926.3811290665797 5115.44574694086 6041.82687600744 5115.44574694086 0.0 0.0
40 25 7897 7225856 false 7139.0 1073 4140 912.0927241564045 6853.018194046038 7765.110918202443 6853.018194046038 0.0 0.09598581739901228
40 50 8227 7239954 false 5013.0 180 4193 1022.0249931721036 6619.504938395271 7641.529931567375 6619.504938395271 0.0 0.39066488391880394
40 75 7956 7277821 false 3732.0 170 4537 747.1247158176078 6895.319790264655 7642.444506082263 6895.319790264655 0.0 0.530920060331825
40 100 8165 7249744 false 1806.0 30 4285 935.0509714348218 6932.722921910508 7867.77389334533 6932.722921910508 0.0 0.7788120024494795
Customer Sample Objective Runtime Isoptimal Bound Nodes Cuts firstStage secondStage firstplussecond expectedObj CVaR
method1: cplex RL
method3: enumerate memory
10 25 2498 963 true 2498.0 41 27 170.27552688062065 2198.0281414462993 2368.30366832692 2198.0281414462993 0.0 0.0
10 50 2292 813 true 2292.0 18 20 270.61590616958955 2013.8081460566793 2284.424052226269 2013.8081460566793 0.0 0.0
10 75 2450 1174 true 2450.0 14 23 276.92390444721104 2159.402175970534 2436.326080417745 2159.402175970534 0.0 0.0
10 100 2417 1504 true 2417.0 23 24 246.61740472530607 1987.044541921274 2233.66194664658 1987.044541921274 0.0 0.0
20 25 4266 63498 true 4266.0 167 94 454.1825880846458 3683.5452452218897 4137.727833306535 3683.5452452218897 0.0 0.0
20 50 4245 164705 true 4245.0 306 133 503.98116538440576 3741.4279796800397 4245.4091450644455 3741.4279796800397 0.0 0.0
20 75 4144 210551 true 4144.0 277 110 420.0 3662.8537409300784 4082.8537409300784 3662.8537409300784 0.0 0.0
20 100 4089 374043 true 4089.0 463 173 507.8860684782485 3536.9397868927817 4044.8258553710302 3536.9397868927817 0.0 0.0
30 25 6092 4915425 true 6092.0 3833 736 704.941094288977 5308.7337518844015 6013.674846173379 5308.7337518844015 0.0 0.0
30 50 5589 7203615 false 5140.0 1296 527 748.4807957096032 5073.566610752834 5822.047406462438 5073.566610752834 0.0 0.08033637502236536
30 75 6279 7209795 false 5270.0 700 375 782.5146136741096 5419.653183952334 6202.167797626444 5419.653183952334 0.0 0.16069437808568243
30 100 6032 7214583 false 4453.0 635 283 510.1451301478689 5487.43505975334 5997.580189901209 5487.43505975334 0.0 0.26177055702917773
40 25 7966 7203609 false 1682.0 226 180 831.8611671342276 7055.634743607228 7887.495910741456 7055.634743607228 0.0 0.7888526236505147
40 50 7720 7211088 false 492.0 70 91 748.8015071861549 6966.86769506507 7715.669202251224 6966.86769506507 0.0 0.9362694300518135
40 75 8114 7249770 false 608.0 10 61 865.5823248799718 6683.40949012362 7548.991815003592 6683.40949012362 0.0 0.9250677840769042
40 100 8196 7340958 false 530.0 10 45 846.7602666508988 7155.256054341359 8002.0163209922575 7155.256054341359 0.0 0.9353343094192289
method4: enumerate memory multiCut
10 25 2660 347 true 2660.0 16 307 181.12961907734027 2195.6491584741857 2376.7787775515258 2195.6491584741857 0.0 0.0
10 50 2346 611 true 2346.0 25 618 211.74625422593746 2050.405848308025 2262.152102533962 2050.405848308025 0.0 0.0
10 75 2607 1010 true 2607.0 27 841 241.70582743872146 2135.6270138529617 2377.332841291683 2135.6270138529617 0.0 0.0
10 100 2286 1664 true 2286.0 28 1606 203.8111887249969 2003.624079318598 2207.435268043595 2003.624079318598 0.0 0.0
20 25 4449 39879 true 4449.0 375 1324 508.4554921874633 3659.3584484075673 4167.8139405950305 3659.3584484075673 0.0 0.0
20 50 4267 52350 true 4267.0 207 1808 524.0953117772219 3722.6503597018677 4246.74567147909 3722.6503597018677 0.0 0.0
20 75 4183 98373 true 4183.0 213 3406 492.62971527212176 3615.694911595383 4108.324626867505 3615.694911595383 0.0 0.0
20 100 4209 145483 true 4209.0 415 5302 626.1421988640595 3469.9857486247456 4096.127947488805 3469.9857486247456 0.0 0.0
30 25 6169 949942 true 6169.0 1059 3036 998.121709657778 5168.6968716734145 6166.818581331192 5168.6968716734145 0.0 0.0
30 50 5989 1671480 true 5989.0 2254 5056 719.0670353521422 5093.919228684056 5812.986264036198 5093.919228684056 0.0 0.0
30 75 6368 3550493 true 6368.0 1684 10961 963.5188642334326 5359.715777697914 6323.234641931346 5359.715777697914 0.0 0.0
30 100 6050 3822401 true 6050.0 2795 12851 603.9677556118487 5293.762648762916 5897.7304043747645 5293.762648762916 0.0 0.0
40 25 7997 7225276 false 7158.0 945 4042 1094.8645057296071 6812.376088580428 7907.240594310035 6812.376088580428 0.0 0.10491434287857947
40 50 7853 7248582 false 6156.0 193 4038 1004.6730364949995 6800.91641927193 7805.589455766929 6800.91641927193 0.0 0.21609575958232521
40 75 7952 7239075 false 3077.0 92 4456 958.5775633000318 6694.98898198806 7653.566545288092 6694.98898198806 0.0 0.6130533199195171
40 100 8190 7309818 false 1603.0 51 4352 1011.0017029744448 6803.0249665065285 7814.026669480973 6803.0249665065285 0.0 0.8042735042735043
