coeC lambda alpha Runtime Isoptimal Bound Nodes Cuts firstStage secondStage firstplussecond expectedObj CVaR
0.25 0.0 0.7 624 6177571 true 624.0 1442 54104 2 314.7732350756915 251.01662531479292 565.7898603904844 251.01662531479292 931.791607512827
624 6177571 true 624.0 1442 54104 4 381.0506622342998 242.94933776570022 624.0 242.94933776570022 843.5991457330908
0.25 0.25 0.7 673 7206248 false 580.0 1247 48978 3 358.9651150911689 279.27051404861373 638.2356291397826 237.19209400523994 405.5057741787351
673 7206248 false 580.0 1247 48978 3 338.95017981750976 334.04982018249024 673.0 288.24635224092606 471.4602240071828
0.25 0.5 0.7 700 5216471 true 700.0 1109 34975 2 305.6979954360137 360.4034175283915 666.1014129644052 275.3045077841492 445.50232727263386
700 5216471 true 700.0 1109 34975 2 304.07146190244197 395.92853809755803 700.0 303.39892712015666 488.4581490749594
0.25 0.75 0.7 750 6633259 true 750.0 1265 43782 2 317.83884958880975 376.6289229902043 694.4677725790141 243.8046145399157 420.9036924736338
750 6633259 true 750.0 1265 43782 3 349.74826238404097 400.25173761595903 750.0 280.0880421671438 440.3063027655641
0.25 1.0 0.7 796 7204152 false 605.0 1068 44205 4 402.6694443137975 340.13085353396525 742.8002978477627 217.50318945329823 340.13085353396525
796 7204152 false 605.0 1068 44205 4 391.4983014230676 404.5016985769324 796.0 287.4742409506104 404.5016985769324
0.25 0.0 0.7999999999999999 625 7206341 false 547.0 1325 51975 2 315.03691252436414 251.0000017201433 566.0369142445074 251.0000017201433 931.791607512827
625 7206341 false 547.0 1325 51975 3 339.3834452510978 285.6165547489022 625.0 285.6165547489022 871.6512719056743
0.25 0.25 0.7999999999999999 664 6175751 true 664.0 1160 39952 2 305.8994919864715 324.77808819715636 630.6775801836279 254.1763230237438 536.5833837173941
664 6175751 true 664.0 1160 39952 4 388.9212298333779 275.0787701666221 664.0 235.60491643439022 393.5003313633179
0.25 0.5 0.7999999999999999 725 6366208 true 725.0 1311 48561 4 407.6512766537369 297.1841055547505 704.8353822084873 215.26555511422828 379.1026559952727
725 6366208 true 725.0 1311 48561 4 389.3657476366466 335.6342523633534 725.0 233.31771141276266 437.95079331394413
0.25 0.75 0.7999999999999999 774 7053371 true 774.0 1522 57403 4 389.64822014035485 331.02475500661166 720.6729751469666 225.02399480435716 366.35834174069646
774 7053371 true 774.0 1522 57403 5 428.9387699763852 345.0612300236148 774.0 225.54229245629855 384.90087587938694
0.25 1.0 0.7999999999999999 690 7202590 false 637.0 1163 50162 5 440.96174669519775 350.5858943400708 791.5476410352685 209.73155092283434 350.5858943400708
690 7202590 false 637.0 1163 50162 5 447.31363273035856 242.68636726964147 690.0 117.66084142702421 242.68636726964147
0.25 0.0 0.8999999999999999 625 6692657 true 625.0 1510 55160 2 315.03691252436414 251.0000017201433 566.0369142445074 251.0000017201433 931.7916075128278
625 6692657 true 625.0 1510 55160 3 339.38344525109767 285.61655474890233 625.0 285.61655474890233 871.6512719056745
0.25 0.25 0.8999999999999999 700 7092279 true 700.0 1413 54498 4 387.5517622192723 281.8514566500853 669.4032188693576 223.9919777492947 455.4298933524572
700 7092279 true 700.0 1413 54498 4 405.0534397796224 294.9465602203776 700.0 242.44594360080754 452.4484100790877
0.25 0.5 0.8999999999999999 758 6608187 true 758.0 1347 48112 4 402.7021744084169 322.859309906523 725.5614843149399 212.95522550066198 432.763394312384
758 6608187 true 758.0 1347 48112 2 322.82156029256845 435.17843970743155 758.0 278.92640372715493 591.4304756877082
0.25 0.75 0.8999999999999999 838 6307180 true 838.0 1243 41746 5 433.496477857827 354.81147598340965 788.3079538412367 251.53597368951924 389.23664341470646
838 6307180 true 838.0 1243 41746 7 518.4384280980601 319.5615719019399 838.0 199.2536506691763 359.6642123128611
0.25 1.0 0.8999999999999999 876 6316136 true 876.0 1394 46368 5 434.97144556792074 401.73920613241296 836.7106517003338 247.86087691926053 401.73920613241296
876 6316136 true 876.0 1394 46368 3 355.14919757170264 520.8508024282974 876.0 324.5549392943609 520.8508024282974
0.5 0.0 0.7 970 7201533 false 498.0 910 42951 5 432.24072644500865 470.3664616615735 902.6071881065822 470.3664616615735 1250.7994989908318
970 7201533 false 498.0 910 42951 5 434.0004899415544 535.9995100584456 970.0 535.9995100584456 1252.3585944527968
0.5 0.25 0.7 1048 7207436 false 490.0 675 39960 5 439.8995730377028 530.4820958556074 970.3816688933102 465.6107395391599 725.0961648049501
1048 7207436 false 490.0 675 39960 6 491.3506890056418 556.6493109943582 1048.0 488.33264531061883 761.5993080455762
0.5 0.5 0.7 438 7200521 false 408.0 629 40941 6 485.42216858189767 575.1199629409655 1060.5421315228632 464.18133362230293 686.0585922596281
438 7200521 false 408.0 629 40941 4 412.05093832509465 25.949061674905373 438.0 11.97649000380248 39.921633346008264
0.5 0.75 0.7 1195 7202517 false 492.0 640 38757 4 406.4584605267156 684.7599422119916 1091.2184027387073 478.5702157588134 753.4898510297177
1195 7202517 false 492.0 640 38757 5 451.3338197635651 743.6661802364349 1195.0 528.8855700284823 815.259716972419
0.5 1.0 0.7 716 7201420 false 688.0 655 35041 6 484.4736262882035 625.1856383364619 1109.6592646246654 436.54403960751233 625.1856383364619
716 7201420 false 688.0 655 35041 7 641.6816885952251 74.31831140477499 716.0 22.295493421432496 74.31831140477499
0.5 0.0 0.7999999999999999 754 7208062 false 494.0 871 41377 5 431.91348889738106 461.48316992416306 893.3966588215442 461.48316992416306 1251.2023023832876
754 7208062 false 494.0 871 41377 8 643.7045012202045 110.29549877979542 754.0 110.29549877979542 542.7354464305495
0.5 0.25 0.7999999999999999 1067 7204671 false 495.0 620 37185 7 529.1619100912432 471.015382929184 1000.1772930204272 391.06112482489084 710.8781572420635
1067 7204671 false 495.0 620 37185 7 530.5059937396521 536.4940062603479 1067.0 451.6277364366709 791.0928157313789
0.5 0.5 0.7999999999999999 1127 7206162 false 557.0 837 43390 5 448.627071170544 609.8572039803765 1058.4842751509204 426.4264654037756 793.2879425569776
1127 7206162 false 557.0 837 43390 5 461.9331471699609 665.0668528300391 1127.0 506.37082744780514 823.7628782122732
0.5 0.75 0.7999999999999999 751 7200078 false 494.0 825 43421 7 537.5415776983505 605.5520844501284 1143.0936621484789 395.6788132443901 675.5098415187078
751 7200078 false 494.0 825 43421 5 640.7543069941635 110.24569300583649 751.0 27.561423251459136 137.8071162572956
0.5 1.0 0.7999999999999999 1281 7205364 false 473.0 670 37043 7 552.4229417134475 664.6595615810893 1217.0825032945368 413.214012210646 664.6595615810893
1281 7205364 false 473.0 670 37043 6 491.1023944165777 789.8976055834223 1281.0 548.8220975342045 789.8976055834223
0.5 0.0 0.8999999999999999 972 7205302 false 495.0 907 42605 5 426.1258589993349 471.2408297227153 897.3666887220502 471.2408297227153 1244.331275441661
972 7205302 false 495.0 907 42605 5 442.04825261068913 529.9517473893109 972.0 529.9517473893109 1290.1390266677186
0.5 0.25 0.8999999999999999 1051 7204046 false 478.0 665 37546 5 451.5317595354226 519.9533094677738 971.4850690031965 425.15851538210234 804.3376917247883
1051 7204046 false 478.0 665 37546 5 451.1859013992091 599.8140986007909 1051.0 498.3382993866895 904.2414962430947
0.5 0.5 0.8999999999999999 1152 7205491 false 616.0 823 39829 5 447.9172643855888 657.3156035420229 1105.2328679276118 473.6325137074806 840.9986933765654
1152 7205491 false 616.0 823 39829 5 447.68860558934955 704.3113944106505 1152.0 521.899413596839 886.7233752244618
0.5 0.75 0.8999999999999999 1252 7204598 false 520.0 801 40668 5 449.03786641105273 741.6643416843114 1190.702208095364 478.8009066423747 829.2854866982902
1252 7204598 false 520.0 801 40668 5 449.11745159120846 802.8825484087915 1252.0 537.2910223163044 891.4130571062873
0.5 1.0 0.8999999999999999 1342 7202080 false 492.0 805 38473 7 529.5818163239229 734.9940569563595 1264.5758732802824 383.5584230240298 734.9940569563595
1342 7202080 false 492.0 805 38473 8 574.9969569973815 767.0030430026185 1342.0 631.7150421121365 767.0030430026185
0.75 0.0 0.7 1226 7207467 false 678.0 588 32120 6 501.2037743542995 649.5476865804699 1150.7514609347695 649.5476865804699 1802.001990038557
1226 7207467 false 678.0 588 32120 7 557.5345674016993 668.4654325983007 1226.0 668.4654325983007 1384.5855064544373
0.75 0.25 0.7 1008 7202282 false 779.0 760 35455 7 569.13555071393 669.0161342534578 1238.1516849673878 588.0473969524509 911.9223461564789
1008 7202282 false 779.0 760 35455 4 556.1131942345203 451.8868057654797 1008.0 344.4469509442138 774.2063702292772
0.75 0.5 0.7 1405 7205174 false 923.0 770 36804 7 566.3079656219862 773.0627660987666 1339.3707317207527 609.6385465092486 936.4869856882844
1405 7205174 false 923.0 770 36804 7 573.2013265691226 831.7986734308774 1405.0 653.2688457326356 1010.3285011291192
0.75 0.75 0.7 1499 7200813 false 1003.0 697 33334 6 531.0255242337857 890.4576652640137 1421.4831894977995 643.3876635264617 972.8143325098644
1499 7200813 false 1003.0 697 33334 6 530.4668951844869 968.5331048155131 1499.0 691.1242048314807 1061.0027381435239
0.75 1.0 0.7 1195 7203397 false 880.0 509 26581 8 629.4798738567299 866.1445011172084 1495.6243749739383 550.1437412729161 866.1445011172084
1195 7203397 false 880.0 509 26581 6 976.9154225270659 218.0845774729342 1195.0 65.42537324188027 218.0845774729342
0.75 0.0 0.7999999999999999 1228 7200890 false 677.0 576 29720 7 555.8792076720268 589.5898636383339 1145.4690713103607 589.5898636383339 1374.6133260748793
1228 7200890 false 677.0 576 29720 7 557.191747509349 670.808252490651 1228.0 670.808252490651 1390.8617091382314
0.75 0.25 0.7999999999999999 925 7200087 false 896.0 600 34286 7 560.7472548358136 699.1553203329381 1259.9025751687518 587.8349050032268 1033.1165663220722
925 7200087 false 896.0 600 34286 7 615.6328156161985 309.3671843838015 925.0 235.23662537307047 531.7588614159945
0.75 0.5 0.7999999999999999 1432 7200236 false 873.0 515 30081 8 611.5922643587043 761.1232240255956 1372.7154883843 557.224175421872 965.0222726293191
1432 7200236 false 873.0 515 30081 8 604.8348568750329 827.1651431249671 1432.0 632.5354978784621 1021.7947883714721
0.75 0.75 0.7999999999999999 1541 7205791 false 872.0 817 36595 7 561.1845333245892 911.6358314051902 1472.8203647297794 611.4959772847797 1011.682449445327
1541 7205791 false 872.0 817 36595 6 531.5465359228158 1009.4534640771842 1541.0 694.8153272428189 1114.3328430219726
0.75 1.0 0.7999999999999999 1595 7208767 false 765.0 610 30330 6 531.4072327434213 1038.5272212697253 1569.9344540131465 632.2601922329135 1038.5272212697253
1595 7208767 false 765.0 610 30330 6 533.3328170440259 1061.667182955974 1595.0 763.8327318985283 1061.667182955974
0.75 0.0 0.8999999999999999 1223 7204285 false 684.0 614 31326 6 501.20377435429936 649.5476865804699 1150.7514609347693 649.5476865804699 1802.0019900385582
1223 7204285 false 684.0 614 31326 7 560.348128012472 662.651871987528 1223.0 662.651871987528 1188.2249296008974
0.75 0.25 0.8999999999999999 1357 7202573 false 902.0 643 32743 8 601.0546199596558 705.4302035338301 1306.484823493486 584.9297510776514 1066.9315609023663
1357 7202573 false 902.0 643 32743 7 560.7303068936764 796.2696931063236 1357.0 686.7114503496551 1124.944421376329
0.75 0.5 0.8999999999999999 1469 7207124 false 1034.0 867 38519 7 578.4936259388639 808.4560014285275 1386.9496273673915 594.939417636541 1021.9725852205142
1469 7207124 false 1034.0 867 38519 8 620.1815170120366 848.8184829879634 1469.0 633.2970088890897 1064.339957086837
0.75 0.75 0.8999999999999999 1590 7206500 false 1182.0 789 37316 8 602.6980172181792 923.590107625984 1526.2881248441631 580.1515202261733 1038.0696367592543
1590 7206500 false 1182.0 789 37316 9 655.0296763211078 934.9703236788922 1590.0 605.4084856437827 1044.8242696905954
0.75 1.0 0.8999999999999999 1706 7203978 false 1553.0 845 31698 8 614.6076285664003 988.849156737478 1603.4567853038784 578.6562146920194 988.849156737478
1706 7203978 false 1553.0 845 31698 7 594.2814920297428 1111.7185079702572 1706.0 757.2459138757911 1111.7185079702572
coeC lambda alpha Runtime Isoptimal Bound Nodes Cuts firstStage secondStage firstplussecond expectedObj CVaR
0.25 0.25 0.7 1146 66257 true 1146.0 292 1896 3 353.71987099700806 763.128312916502 1116.84818391351 666.9708147255803 1051.6008074892666
1146 66257 true 1146.0 292 1896 3 353.78986006734556 792.2101399326544 1146.0 690.20737624249 1098.2184310031475
0.25 0.5 0.7 1292 68835 true 1292.0 462 1919 5 419.332170974302 823.8893124470928 1243.2214834213949 633.6058677177006 1014.172757176485
1292 68835 true 1292.0 462 1919 8 579.5337995695463 712.4662004304537 1292.0 504.50113481824343 920.431266042664
0.25 0.75 0.7 1392 56179 true 1392.0 420 1568 5 418.81055396304066 937.3541240247012 1356.164677987742 641.6036324515316 1035.9376212157576
1392 56179 true 1392.0 420 1568 7 530.460257159803 861.539742840197 1392.0 589.023315789486 952.3785518571008
0.25 1.0 0.7 1465 56478 true 1465.0 299 1475 5 428.38318783380726 1009.2223725178575 1437.6055603516647 623.7624367767087 1009.2223725178575
1465 56478 true 1465.0 299 1475 5 428.39530199238675 1036.6046980076133 1465.0 692.5872979173702 1036.6046980076133
0.25 0.25 0.7999999999999999 1215 89906 true 1215.0 427 2509 5 509.5587356881589 689.389455706978 1198.9481913951367 575.5335769977538 1030.9570918346506
1215 89906 true 1215.0 427 2509 4 424.79657457939254 790.2034254206075 1215.0 647.3781227738393 1218.6793333609119
0.25 0.5 0.7999999999999999 1345 77081 true 1345.0 452 2387 5 426.76192330009553 861.2988511444796 1288.0607744445751 623.6001887388878 1098.9975135500715
1345 77081 true 1345.0 452 2387 5 426.3310201322661 918.6689798677339 1345.0 664.1528168982801 1173.1851428371876
0.25 0.75 0.7999999999999999 1490 61031 true 1490.0 392 1627 5 454.3808663850864 990.444995422878 1444.8258618079644 625.2864359550177 1112.1645152454983
1490 61031 true 1490.0 392 1627 5 454.47482173907974 1035.5251782609203 1490.0 644.0782723343833 1166.0074802364325
0.25 1.0 0.7999999999999999 1562 50792 true 1562.0 251 1339 5 440.94521253928184 1092.2292137817626 1533.1744263210444 622.3923366237492 1092.2292137817626
1562 50792 true 1562.0 251 1339 5 441.0174362939292 1120.9825637060708 1562.0 647.879978181966 1120.9825637060708
0.25 0.25 0.8999999999999999 1257 70098 true 1257.0 407 2005 5 425.4600089228471 776.8793203760476 1202.3393292988949 628.216581279103 1222.8675376668818
1257 70098 true 1257.0 407 2005 5 425.0320401785174 831.9679598214826 1257.0 663.8316998142191 1336.3767398432733
0.25 0.5 0.8999999999999999 1408 68750 true 1408.0 395 1870 6 473.34016604849177 876.7695985902426 1350.1097646387343 598.0550507002376 1155.4841464802475
1408 68750 true 1408.0 395 1870 6 475.6287166002869 932.3712833997131 1408.0 628.619902461271 1236.1226643381551
0.25 0.75 0.8999999999999999 1549 58815 true 1549.0 334 1765 7 526.769033502055 995.7238445636389 1522.4928780656937 564.7595589151756 1139.37860644646
1549 58815 true 1549.0 334 1765 5 442.960767540872 1106.039232459128 1549.0 639.9034409152001 1261.4178296404373
0.25 1.0 0.8999999999999999 1698 75226 true 1698.0 330 1446 7 508.02413154421976 1159.625539649592 1667.6496711938116 608.1020823082192 1159.625539649592
1698 75226 true 1698.0 330 1446 6 479.8487910892843 1218.1512089107157 1698.0 836.7312167656451 1218.1512089107157
0.5 0.25 0.7 1906 93204 true 1906.0 429 1885 7 553.8641540147902 1338.9925344213639 1892.856688436154 1148.5208210354099 1910.407674579226
1906 93204 true 1906.0 429 1885 7 553.4070169960114 1352.5929830039886 1906.0 1137.2105513763713 1998.7402778868404
0.5 0.5 0.7 2122 96430 true 2122.0 333 1854 8 575.3028796013981 1522.5459013199993 2097.8487809213975 1121.2286809030977 1923.8631217369011
2122 96430 true 2122.0 333 1854 8 575.2712221257966 1546.7287778742034 2122.0 1123.1110163440546 1970.346539404352
0.5 0.75 0.7 2420 82462 true 2420.0 373 1435 9 607.5912712861807 1726.140065579252 2333.7313368654327 1109.1260789545568 1931.8113944541506
2420 82462 true 2420.0 373 1435 7 535.7564512682213 1884.2435487317787 2420.0 1254.2670777517542 2094.23570572512
0.5 1.0 0.7 2537 85570 true 2537.0 334 1514 6 478.77018823004977 2051.5973438925816 2530.3675321226315 1248.486790943421 2051.5973438925816
2537 85570 true 2537.0 334 1514 6 478.53946852982517 2058.460531470175 2537.0 1398.5588363411464 2058.460531470175
0.5 0.25 0.7999999999999999 1996 113789 true 1996.0 442 2083 6 485.0065587652656 1471.2716814083701 1956.2782401736358 1252.6936315782555 2127.0058308987136
1996 113789 true 1996.0 442 2083 7 562.7610091679667 1433.2389908320333 1996.0 1163.2788600157926 2243.1193832807553
0.5 0.5 0.7999999999999999 2234 69494 true 2234.0 371 1323 10 669.1195548291041 1559.4174613412413 2228.5370161703454 1089.3723616214766 2029.462561061006
2234 69494 true 2234.0 371 1323 8 567.9847383902122 1666.0152616097878 2234.0 1183.4318177585264 2148.598705461049
0.5 0.75 0.7999999999999999 2465 71870 true 2465.0 339 1402 7 542.3605068499874 1884.261589107097 2426.6220959570846 1230.7538251425183 2102.097510428623
2465 71870 true 2465.0 339 1402 9 622.128631158721 1842.871368841279 2465.0 1084.625814093594 2095.6198870905073
0.5 1.0 0.7999999999999999 2712 99071 true 2712.0 229 1327 9 691.7982169656257 1991.1176751587543 2682.9158921243798 1177.8035608352368 1991.1176751587543
2712 99071 true 2712.0 229 1327 8 696.5349127391257 2015.4650872608743 2712.0 1420.9099937672586 2015.4650872608743
0.5 0.25 0.8999999999999999 2071 75230 true 2071.0 411 1469 7 538.084023947391 1446.7062454657407 1984.7902694131317 1154.6897683224313 2322.7556768956697
2071 75230 true 2071.0 411 1469 7 520.8076197579069 1550.1923802420931 2071.0 1259.9946676320774 2420.7855180721403
0.5 0.5 0.8999999999999999 2319 92818 true 2319.0 445 1808 6 471.6541861686851 1836.4830127344792 2308.137198903164 1250.393397944138 2422.5726275248203
2319 92818 true 2319.0 445 1808 6 471.42613370775416 1847.5738662922458 2319.0 1316.914632384298 2378.2331002001933
0.5 0.75 0.8999999999999999 2634 104454 true 2634.0 440 1847 6 495.1058595726292 2091.5019967256303 2586.6078562982593 1224.877984720558 2380.3766673939876
2634 104454 true 2634.0 440 1847 8 591.0446892356299 2042.95531076437 2634.0 1187.6168058472542 2328.0681457367423
0.5 1.0 0.8999999999999999 2861 84263 true 2861.0 283 1264 8 661.0754322863047 2162.828110050922 2823.903542337227 1197.8808061690127 2162.828110050922
2861 84263 true 2861.0 283 1264 8 661.4842666004279 2199.515733399572 2861.0 1546.3200044025102 2199.515733399572
0.75 0.25 0.7 2311 110458 true 2311.0 644 1702 7 582.0018791380811 1693.1791946103633 2275.1810737484443 1481.3919428999302 2328.540949741663
2311 110458 true 2311.0 644 1702 6 501.6879485627983 1809.3120514372017 2311.0 1598.6029120444073 2441.439469615585
0.75 0.5 0.7 2515 111723 true 2515.0 411 1593 9 642.6732781663183 1832.4822265721182 2475.1555047384363 1420.5837748441847 2244.380678300052
2515 111723 true 2515.0 411 1593 9 643.0489190072371 1871.9510809927629 2515.0 1478.1764771581052 2265.7256848274205
0.75 0.75 0.7 2739 116806 true 2739.0 391 1559 8 579.6157201120719 2071.8732568410505 2651.4889769531223 1446.0666635489156 2280.4754546050954
2739 116806 true 2739.0 391 1559 6 510.1254636539825 2228.8745363460175 2739.0 1604.8629686620247 2436.878392240682
0.75 1.0 0.7 2896 117847 true 2896.0 360 1588 7 575.5269565455267 2302.7445097898285 2878.2714663353554 1481.570865437645 2302.7445097898285
2896 117847 true 2896.0 360 1588 7 575.3194241114566 2320.6805758885434 2896.0 1639.3340780475846 2320.6805758885434
0.75 0.25 0.7999999999999999 2344 108812 true 2344.0 327 1713 8 560.5269135959447 1745.221558376455 2305.7484719724 1465.8512088312498 2583.332607012071
2344 108812 true 2344.0 327 1713 8 560.3967923084622 1783.6032076915378 2344.0 1526.7897057781202 2554.043713431791
0.75 0.5 0.7999999999999999 2639 130229 true 2639.0 305 1735 8 605.8611178731063 1953.1114681738477 2558.972586046954 1424.2381263238788 2481.984810023817
2639 130229 true 2639.0 305 1735 8 606.3315336751893 2032.6684663248107 2639.0 1547.4171375654282 2517.919795084193
0.75 0.75 0.7999999999999999 2827 109056 true 2827.0 327 1697 6 536.660448462804 2282.35484503155 2819.0152934943544 1569.6484110464714 2519.9236563599097
2827 109056 true 2827.0 327 1697 6 536.2983645964305 2290.7016354035695 2827.0 1577.815215693687 2528.3304419735305
0.75 1.0 0.7999999999999999 3119 124148 true 3119.0 231 1512 9 651.4800870466285 2403.562895920765 3055.0429829673935 1418.9747469943627 2403.562895920765
3119 124148 true 3119.0 231 1512 9 651.2832024225013 2467.7167975774987 3119.0 1705.7603652223252 2467.7167975774987
0.75 0.25 0.8999999999999999 2382 116774 true 2382.0 416 1721 8 579.6598380953234 1796.7467333842883 2376.4065714796116 1456.9288690737067 2816.200326316033
2382 116774 true 2382.0 416 1721 8 579.5733048475308 1802.4266951524692 2382.0 1518.5658867995533 2654.009120211217
0.75 0.5 0.8999999999999999 2704 106783 true 2704.0 333 1328 7 541.8007734798362 2124.6039105905274 2666.4046840703636 1461.6137784086902 2787.5940427723644
2704 106783 true 2704.0 333 1328 7 542.1367921778528 2161.863207822147 2704.0 1556.4898454500235 2767.2365701942713
0.75 0.75 0.8999999999999999 3043 134608 true 3043.0 302 1871 9 632.084700138217 2315.0176907246487 2947.102390862866 1402.6972088093466 2619.1245180297497
3043 134608 true 3043.0 302 1871 7 557.3754784252455 2485.6245215747545 3043.0 1615.8342983127675 2775.5545959954165
0.75 1.0 0.8999999999999999 3328 174262 true 3328.0 349 1740 7 564.448347590032 2717.8868457527815 3282.3351933428135 1453.1404965069617 2717.8868457527815
3328 174262 true 3328.0 349 1740 8 589.8095946591866 2738.1904053408134 3328.0 2028.6930061849969 2738.1904053408134
coeC lambda alpha Runtime Isoptimal Bound Nodes Cuts firstStage secondStage firstplussecond expectedObj CVaR
0.25 0.25 0.7 1143 747251 true 1143.0 1247 1083 5 429.2200832515435 692.312181606997 1121.5322648585404 593.4718897772237 988.8330570963167
1143 747251 true 1143.0 1247 1083 5 429.06897089874883 713.9310291012512 1143.0 609.6402016902761 1026.8035113341766
0.25 0.5 0.7 1228 774849 true 1228.0 1183 1057 3 340.5098244156354 863.2835007649783 1203.7933251806137 669.420178734065 1057.1468227958917
1228 774849 true 1228.0 1183 1057 3 340.24962472946163 887.7503752705384 1228.0 684.3178249586232 1091.1829255824537
0.25 0.75 0.7 1342 898835 true 1342.0 1165 1152 6 477.47582899716423 844.6007904178819 1322.076619415046 582.7290083712138 931.8913844334379
1342 898835 true 1342.0 1165 1152 4 395.5324111626479 946.4675888373521 1342.0 645.1626631307904 1046.9025640728726
0.25 1.0 0.7 1418 769046 true 1418.0 1148 1137 3 355.86956146945715 1056.9496903725988 1412.819251842056 666.4456417243034 1056.9496903725988
1418 769046 true 1418.0 1148 1137 3 336.8063090333178 1081.1936909666822 1418.0 682.9696968073292 1081.1936909666822
0.25 0.25 0.7999999999999999 1153 622546 true 1153.0 1033 826 4 392.4293952819921 756.378471521364 1148.807866803356 623.465503481391 1155.1173756412827
1153 622546 true 1153.0 1033 826 4 392.3250489174201 760.6749510825799 1153.0 612.4135872603955 1205.4590425491333
0.25 0.5 0.7999999999999999 1279 572154 true 1279.0 1050 750 5 424.68930797408274 835.2132017595884 1259.9025097336712 614.2249225291009 1056.2014809900759
1279 572154 true 1279.0 1050 750 5 421.1932537516982 857.8067462483018 1279.0 617.7466793137729 1097.8668131828308
0.25 0.75 0.7999999999999999 1400 535541 true 1400.0 1040 785 6 486.78812895469633 897.7499687165066 1384.5380976712029 577.5871635469106 1004.4709037730386
1400 535541 true 1400.0 1040 785 3 333.7300024373219 1066.269997562678 1400.0 687.4058741160691 1192.5580387115479
0.25 1.0 0.7999999999999999 1517 656753 true 1517.0 966 877 3 336.8639736251719 1175.7244926734563 1512.5884662986282 681.6267497928567 1175.7244926734563
1517 656753 true 1517.0 966 877 3 342.77340364456177 1174.2265963554382 1517.0 676.2679331149156 1174.2265963554382
0.25 0.25 0.8999999999999999 1214 749548 true 1214.0 1050 1015 4 412.9539323937808 781.5303144739794 1194.4842468677602 623.4850503367551 1255.6661068856524
1214 749548 true 1214.0 1050 1015 5 435.4055825548385 778.5944174451615 1214.0 621.746161768567 1249.139184474945
0.25 0.5 0.8999999999999999 1378 449264 true 1378.0 777 589 4 432.39590693394484 898.2480634387989 1330.6439703727438 581.9623376024817 1214.533789275116
1378 449264 true 1378.0 777 589 5 436.3971930992585 941.6028069007415 1378.0 584.451725671295 1298.753888130188
0.25 0.75 0.8999999999999999 1502 557958 true 1502.0 854 720 4 436.64112900959924 1015.1960153728545 1451.8371443824537 607.7570333021416 1151.0090093964254
1502 557958 true 1502.0 854 720 6 473.1159599241498 1028.8840400758502 1502.0 574.3548925650582 1180.3937559127808
0.25 1.0 0.8999999999999999 1610 410629 true 1610.0 647 557 6 485.85248226957805 1112.0719280795795 1597.9244103491576 577.0277778640736 1112.0719280795795
1610 410629 true 1610.0 647 557 6 486.0172781944275 1123.9827218055725 1610.0 514.0206145998027 1123.9827218055725
0.5 0.25 0.7 1920 915378 true 1920.0 1030 1050 7 529.1431809783734 1372.3258067196357 1901.4689876980092 1172.098708213572 1973.0071022378263
1920 915378 true 1920.0 1030 1050 7 561.9513593108359 1358.0486406891641 1920.0 1140.9606226801538 2009.3126947161945
0.5 0.5 0.7 2105 1154400 true 2105.0 1212 1330 7 543.9740802498206 1549.6337633088528 2093.6078435586733 1171.0145848635582 1928.2529417541477
2105 1154400 true 2105.0 1212 1330 7 544.3654907431785 1560.6345092568215 2105.0 1137.4654013774498 1983.8036171361932
coeC lambda alpha Runtime Isoptimal Bound Nodes Cuts firstStage secondStage firstplussecond expectedObj CVaR
0.5 0.25 0.7 2029 817154 true 2029.0 1076 1028 7 561.0122521933092 1460.9091473135911 2021.9213995069003 1250.3542768379684 2092.573758740459
2029 817154 true 2029.0 1076 1028 7 560.5292220959325 1468.4707779040675 2029.0 1239.4681020111857 2155.478805582713
0.5 0.5 0.7 2267 1059920 true 2267.0 1097 1222 7 559.1754707408364 1679.4289260236417 2238.604396764478 1271.8783945024193 2086.979457544864
2267 1059920 true 2267.0 1097 1222 7 559.4444274501989 1707.5555725498011 2267.0 1294.8778592175972 2120.233285882005
0.5 0.75 0.7 2483 834191 true 2483.0 1041 961 8 588.7265581597134 1877.1245569820162 2465.8511151417297 1237.3979232586428 2090.3667682231408
2483 834191 true 2483.0 1041 961 8 588.8583950461712 1894.1416049538288 2483.0 1239.4681020111866 2112.3661059347096
0.5 1.0 0.7 2703 1074115 true 2703.0 1058 1271 8 597.0771116051541 2075.4483963257812 2672.5255079309354 1278.2358249677588 2075.4483963257812
2703 1074115 true 2703.0 1058 1271 8 597.3340679888897 2105.6659320111103 2703.0 1291.8129221027011 2105.6659320111103
0.5 0.25 0.7999999999999999 2128 830274 true 2128.0 945 927 7 570.4849559758563 1545.1283408990535 2115.61329687491 1256.0130433615395 2412.4742335115952
2128 830274 true 2128.0 945 927 8 598.737234567775 1529.262765432225 2128.0 1239.4681020111857 2398.646755695343
0.5 0.5 0.7999999999999999 2411 672632 true 2411.0 872 774 8 644.2100207290558 1745.651714427352 2389.861735156408 1189.8685723589028 2301.4348564958013
2411 672632 true 2411.0 872 774 8 571.7869932467556 1839.2130067532444 2411.0 1242.6903167138864 2435.7356967926025
0.5 0.75 0.7999999999999999 2653 793396 true 2653.0 807 910 7 555.7321774843066 2078.7512672976713 2634.483444781978 1303.504228490187 2337.1669469001663
2653 793396 true 2653.0 807 910 7 561.5685665124329 2091.431433487567 2653.0 1313.0782749201169 2350.882486343384
0.5 1.0 0.7999999999999999 2978 585014 true 2978.0 720 688 6 513.6690028131818 2432.00158769862 2945.6705905118015 1368.0331706456507 2432.00158769862
2978 585014 true 2978.0 720 688 7 627.1175136566162 2350.882486343384 2978.0 1239.4681020111857 2350.882486343384
0.5 0.25 0.8999999999999999 2189 882851 true 2189.0 999 1036 7 542.3640090674494 1635.9411798405458 2178.305188907995 1276.0567672109514 2715.5944177293286
2189 882851 true 2189.0 999 1036 7 542.8053600541482 1646.1946399458518 2189.0 1239.4681020111866 2866.3742537498474
0.5 0.5 0.8999999999999999 2580 746914 true 2580.0 865 882 6 489.2622650458668 2087.0436169490868 2576.305881994954 1372.3439103511814 2801.7433235469925
2580 746914 true 2580.0 865 882 6 489.71108605353265 2090.2889139464673 2580.0 1301.7652210814115 2878.8126068115234
0.5 0.75 0.8999999999999999 2897 725822 true 2897.0 999 844 7 560.6072279348582 2320.566426686564 2881.173654621422 1311.1590179947486 2657.035562917169
2897 725822 true 2897.0 999 844 7 560.8770599305312 2336.1229400694688 2897.0 1250.299161934979 2698.064199447632
0.5 1.0 0.8999999999999999 3186 471054 true 3186.0 712 574 6 488.35200086336437 2668.3447718068414 3156.696772670206 1462.2739638241292 2668.3447718068414
3186 471054 true 3186.0 712 574 6 487.93580055236816 2698.064199447632 3186.0 1303.9664250242424 2698.064199447632
0.75 0.25 0.7 2197 1204289 true 2197.0 1036 1095 7 519.8073287402742 1671.1977237341584 2191.005052474433 1412.6104957522484 2446.959407679889
2197 1204289 true 2197.0 1036 1095 7 520.3038719509639 1676.6961280490361 2197.0 1413.0584671577326 2467.6091107229468
0.75 0.5 0.7 2438 1285088 true 2438.0 1063 1149 7 540.0054331715837 1882.4284289889783 2422.433862160562 1410.485312470372 2354.3715455075844
2438 1285088 true 2438.0 1063 1149 7 539.8179345631395 1898.1820654368605 2438.0 1413.0584671577326 2383.3056637159884
0.75 0.75 0.7 2693 1402870 true 2693.0 888 1172 7 564.2509136598345 2128.297553695913 2692.5484673557476 1405.889662788249 2369.1001839984674
2693 1402870 true 2693.0 888 1172 7 564.6748766111691 2128.325123388831 2693.0 1413.0584671577326 2366.7473421325303
0.75 1.0 0.7 2932 1131149 true 2932.0 867 1008 7 582.3783408175474 2339.501029804823 2921.87937062237 1382.416796580431 2339.501029804823
2932 1131149 true 2932.0 867 1008 6 503.6012843161843 2428.3987156838157 2932.0 1483.6432008840052 2428.3987156838157
0.75 0.25 0.7999999999999999 2269 1446174 true 2269.0 946 1186 8 559.0775780324997 1700.0078307299193 2259.085408762419 1405.4117862538542 2583.7959641581147
2269 1446174 true 2269.0 946 1186 8 559.5320956050969 1709.4679043949031 2269.0 1413.0584671577326 2598.696216106415
0.75 0.5 0.7999999999999999 2569 1575868 true 2569.0 1098 1368 6 489.73411850841427 2030.3329909291901 2520.0671094376044 1485.9516108408525 2574.714371017528
2569 1575868 true 2569.0 1098 1368 7 552.1393452842776 2016.8606547157224 2569.0 1413.0584671577326 2620.662842273712
0.75 0.75 0.7999999999999999 2869 1046697 true 2869.0 919 929 8 580.7558792353298 2256.6413592198687 2837.3972384551985 1353.2582502118175 2557.7690622225527
2869 1046697 true 2869.0 919 929 8 566.7132211307558 2302.2867788692442 2869.0 1413.0584671577326 2598.696216106415
0.75 1.0 0.7999999999999999 3188 1412553 true 3188.0 919 1172 7 588.9489970503291 2560.338784304458 3149.287781354787 1425.1347907084896 2560.338784304458
3188 1412553 true 3188.0 919 1172 7 589.3037838935852 2598.696216106415 3188.0 1413.0584671577308 2598.696216106415
0.75 0.25 0.8999999999999999 2402 1192600 true 2402.0 1007 1035 8 578.7459928242904 1795.807413756772 2374.5534065810625 1428.483472255697 2897.779238259996
2402 1192600 true 2402.0 1007 1035 8 574.4199663936711 1827.580033606329 2402.0 1413.0584671577326 3071.144732952118
0.75 0.5 0.8999999999999999 2806 1003184 true 2806.0 844 860 6 552.2238805393188 2159.760069505379 2711.983950044698 1488.8389895101895 2830.6811495005686
2806 1003184 true 2806.0 844 860 8 563.8983999450747 2242.1016000549253 2806.0 1413.0584671577326 3071.144732952118
0.75 0.75 0.8999999999999999 3182 680523 true 3182.0 653 569 7 523.9210605802729 2614.1850193487535 3138.1060799290262 1530.078745743573 2975.5537772171474
3182 680523 true 3182.0 653 569 7 525.3768334964784 2656.6231665035216 3182.0 1413.0584671577326 3071.144732952118
0.75 1.0 0.8999999999999999 3533 654541 true 3533.0 598 528 5 461.74952415896144 3048.699296154596 3510.4488203135575 1728.5203321203394 3048.699296154596
3533 654541 true 3533.0 598 528 5 461.8552670478821 3071.144732952118 3533.0 1659.046581109828 3071.144732952118
