Customer Sample LNB lb1 lb2 UB ub1 ub2 gap
10 25 24945 0.0 0.0 0.0 2466.2063545977912 2465.5135636264035 2466.899145569179 100.0 2582.56 2505.29885847491 2659.82114152509
10 50 38299 0.0 0.0 0.0 2500.794067152547 2500.099237293416 2501.488897011678 100.0 2575.64 2527.1418630801827 2624.138136919817
10 75 55660 0.0 0.0 0.0 2510.0408238605223 2509.2347568021682 2510.8468909188764 100.0 2578.36 2531.017190964625 2625.702809035375
10 100 69759 0.0 0.0 0.0 2433.6287592596477 2432.7345265228237 2434.522991996472 100.0 2594.36 2544.995374993558 2643.7246250064422
Customer Sample LNB lb1 lb2 UB ub1 ub2 gap
10 25 25062 2324.0609272625084 2266.280204562736 2381.841649962281 2466.2063545977912 2465.5135636264035 2466.899145569179 8.132433843790357 2580.04 2501.9335302899945 2658.1464697100055
10 50 39050 2327.8152240583518 2289.0085844789933 2366.6218636377102 2500.794067152547 2500.099237293416 2501.488897011678 8.494153733263317 2577.04 2528.8894468024855 2625.1905531975144
10 75 52738 2316.1354526399646 2272.9973301279515 2359.2735751519776 2510.0408238605223 2509.2347568021682 2510.8468909188764 9.472881904952828 2573.44 2521.720124512653 2625.159875487347
10 100 72877 2323.5013733517567 2290.314458769179 2356.6882879343343 2433.6287592596477 2432.7345265228237 2434.522991996472 5.923482082583745 2592.96 2544.322308745583 2641.597691254417
Customer Sample LNB lb1 lb2 UB ub1 ub2 gap
10 25 32803 2324.0609272625084 2266.280204562736 2381.841649962281 2468.7785461859444 2468.0801332551 2469.4769591167887 8.228331663670447 2573.64 2498.4847224162313 2648.7952775837684 2584.598042611975 2583.7896328053343 2585.4064524186156 3.362014120490419
10 50 47008 2341.6450576109405 2304.4343385004468 2378.8557767214343 2495.523125379142 2494.818248244556 2496.2280025137284 7.683339174952902 2607.84 2542.4918363765287 2673.1881636234716 2533.736418531696 2532.9917545963212 2534.481082467071 -0.316070771444078
10 75 59984 2275.728387156617 2245.25475147288 2306.202022840354 2443.5961259308547 2442.980811041532 2444.2114408201774 8.13991318527401 2529.84 2486.658766750358 2573.021233249642 2475.899361394686 2475.313261454194 2476.4854613351777 -0.4107960888127175
10 100 83508 2306.3261790323654 2279.955281617284 2332.6970764474468 2489.1803878869778 2488.4401622788732 2489.9206134950823 8.432611495314765 2558.28 2519.4506372602727 2597.1093627397277 2467.6809941268048 2466.9366136320796 2468.42537462153 -2.0671178948063686
Customer Sample LNB lb1 lb2 UB ub1 ub2 gap
10 25 38930 2315.4014619553345 2257.781762750607 2373.021161160062 2468.7785461859444 2468.0801332551 2469.4769591167887 8.572471007864548 2498.6 2424.9798848139994 2572.2201151860004 2519.1125182066708 2518.3501395689686 2519.874896844373 3.765862033437057
10 50 58447 2341.3605884003755 2304.174232115731 2378.54694468502 2495.523125379142 2494.818248244556 2496.2280025137284 7.693759151992421 2552.56 2505.2829364656955 2599.8370635343044 2533.736418531696 2532.9917545963212 2534.481082467071 1.152036454458511
10 75 83232 2276.9320412861725 2244.7410460622955 2309.1230365100496 2443.5961259308547 2442.980811041532 2444.2114408201774 8.160930409970906 2499.04 2455.0160729614754 2543.0639270385245 2444.067901224465 2443.4648579678737 2444.6709444810563 -0.42317059086310493
10 100 109702 2303.828321032968 2277.1195912590633 2330.5370508068722 2489.1803878869778 2488.4401622788732 2489.9206134950823 8.546498273184373 2528.24 2496.713986421369 2559.7660135786305 2531.8708924783195 2531.116075792278 2532.625709164361 1.4179640762961785
Customer Sample LNB lb1 lb2 UB ub1 ub2 gap
10 20 32436 2315.5478911936266 2243.1734700987568 2387.9223122884964 2532.206952125522 2531.6738783970027 2532.7400258540415 11.432936377180786 2521.2 2435.123339531942 2607.276660468058 2553.8861990870173 2553.3663352215335 2554.406062952501 4.669685260717191
10 30 41568 2348.733048451168 2304.334722143338 2393.1313747589984 2557.139839193399 2556.38895218654 2557.890726200258 9.912698828756351 2559.0 2506.259122899469 2611.740877100531 2494.3137196880007 2493.5710408849413 2495.05639849106 -0.448996840920466
10 40 49238 2333.90548580294 2286.056289002427 2381.7546826034527 2432.3725713501462 2431.562796330191 2433.1823463701016 6.046651521500715 2586.2 2522.0709485282473 2650.3290514717523 2539.8546333753916 2539.037822873439 2540.6714438773442 0.7321094348472915
10 50 56524 2316.8310652160667 2277.4609508484496 2356.201179583684 2474.6103114404514 2473.846255711529 2475.3743671693737 7.995292305916581 2517.36 2460.654443781701 2574.065556218299 2572.36242839393 2571.6076205293216 2573.117236258538 4.370682800305065
10 60 62414 2294.8855802643466 2253.1872207272977 2336.5839398013954 2537.2649442609204 2536.6496764232684 2537.8802120985724 11.217747394620417 2512.16 2468.012596381063 2556.307403618937 2554.7217915391875 2554.0506968586233 2555.3928862197517 3.419446391586088
Customer Sample LNB lb1 lb2 UB ub1 ub2 gap
10 20 29976 2315.271203062463 2243.105225297582 2387.437180827344 2532.206952125522 2531.6738783970027 2532.7400258540415 11.435630881965258 2501.08 2423.5283767315386 2578.631623268461 2553.8861990870173 2553.3663352215335 2554.406062952501 5.123605370310152
10 30 36556 2355.892579193288 2311.532196610858 2400.2529617757177 2557.139839193399 2556.38895218654 2557.890726200258 9.631315640889989 2538.88 2490.135423914997 2587.6245760850034 2534.023798649177 2533.244303905031 2534.803293393323 1.7621828721285027
10 40 42102 2337.7460897694905 2288.047455096164 2387.444724442817 2432.3725713501462 2431.562796330191 2433.1823463701016 5.964817700179951 2539.12 2475.6529805617647 2602.587019438235 2662.151113762166 2661.4335670318396 2662.8686604924924 7.030601347649737
Customer Sample LNB lb1 lb2 UB ub1 ub2 gap
10 20 30563 2307.1338265426793 2239.3549620173303 2374.9126910680284 2532.206952125522 2531.6738783970027 2532.7400258540415 11.583702268762526 2492.92 2415.009410769524 2570.830589230476 2553.8861990870173 2553.3663352215335 2554.406062952501 5.457106221469578
10 30 37730 2350.532086950284 2307.025098474517 2394.0390754260507 2557.139839193399 2556.38895218654 2557.890726200258 9.80751934225124 2535.52 2485.697802370429 2585.342197629571 2530.681858805128 2529.9304471567734 2531.4332704534822 1.80670249604723
10 40 45714 2337.65664275389 2287.987528254317 2387.325757253463 2432.3725713501462 2431.562796330191 2433.1823463701016 5.967280599926707 2542.6 2481.613861684259 2603.5861383157408 2662.151113762166 2661.4335670318396 2662.8686604924924 6.806749484021138
10 50 54627 2320.164301939062 2280.4181466999803 2359.910457178144 2474.6103114404514 2473.846255711529 2475.3743671693737 7.875827715398406 2497.24 2444.594959447003 2549.8850405529965 2526.8394648991807 2526.0617585147284 2527.617171283633 3.284603886215403
10 60 63875 2296.5270497648 2254.9085256109315 2338.145573918668 2499.112914719535 2498.56113889963 2499.6646905394405 9.791559878204676 2496.24 2453.4397927556415 2539.040207244358 2523.715158945763 2523.0930568523568 2524.3372610391693 2.8085576906764884
Customer Sample LNB lb1 lb2 UB ub1 ub2 gap
10 20 57304 1075.0197616748253 1021.305306731027 1128.7342166186236 1364.7041683039054 1364.0862882257184 1365.3220483820924 25.196746954956556 1171.36 1115.81588233341 1226.9041176665899 1391.8780561981296 1391.2720388402322 1392.484073556027 19.86867903746155
10 30 70999 1108.9134868822564 1080.090197645848 1137.7367761186647 1372.146697330395 1371.4721203903525 1372.8212742704375 21.323320239202754 1206.2 1175.3382455456597 1237.0617544543404 1345.269999300618 1344.6582629917045 1345.8817356095317 12.671506385116013
10 40 82550 1103.8147347758973 1071.343898415587 1136.2855711362074 1307.7012572727115 1307.1520956642978 1308.2504188811251 18.108652368569558 1213.44 1176.629363198119 1250.250636801881 1414.1222588044498 1413.5116547999942 1414.7328628089053 16.830279826683295
10 50 96959 1112.0460123531955 1080.3084105341443 1143.7836141722466 1295.0490345706944 1294.334274930212 1295.763794211177 16.627674321475816 1218.68 1182.1675409231316 1255.1924590768685 1309.2372302382098 1308.4772815241492 1309.9971789522704 9.758008649406126
10 60 113638 1090.49273296356 1058.5599434382402 1122.4255224888798 1360.3199967151081 1359.7140418343088 1360.9259515959075 22.217667890240012 1190.12 1152.9691112483158 1227.270888751684 1295.4013931416155 1294.8389305941114 1295.9638556891196 11.033852820283117
Customer Sample LNB lb1 lb2 UB ub1 ub2 gap
10 20 61924 1077.7475375381018 1023.2567339594328 1132.2383411167707 1364.7041683039054 1364.0862882257184 1365.3220483820924 25.053818974651964 1172.36 1115.0640582761164 1229.6559417238834 1395.632558877176 1394.9872485524959 1396.2778692018562 20.14024694715587
Customer Sample LNB lb1 lb2 UB ub1 ub2 gap
10 20 54808 1078.5111772351052 1023.9720855895503 1133.05026888066 1364.7041683039054 1364.0862882257184 1365.3220483820924 25.001424623373076 1175.24 1117.6692156834158 1232.8107843165842 1395.632558877176 1394.9872485524959 1396.2778692018562 19.95366822491424
10 30 69462 1109.4099515477062 1078.8885302398526 1139.9313728555599 1372.146697330395 1371.4721203903525 1372.8212742704375 21.410852930348888 1207.8 1177.043609054377 1238.556390945623 1351.3380963698924 1350.7235191490201 1351.9526735907646 12.937513860735375
10 40 84053 1105.9402349701159 1073.0424644857346 1138.838005454497 1307.7012572727115 1307.1520956642978 1308.2504188811251 17.978817434398454 1211.2 1175.306839425874 1247.0931605741262 1414.1222588044498 1413.5116547999942 1414.7328628089053 16.92376205269304
Customer Sample LNB lb1 lb2 UB ub1 ub2 gap
10 25 64861 1104.0868758677543 1058.8547651614722 1149.3189865740364 1298.2807605434873 1297.7076959646097 1298.853825122365 18.47775749039985 1204.04 1150.780931865456 1257.2990681345439 1356.7325197155994 1356.1527680428283 1357.3122713883706 15.216199239962465
10 50 107956 1137.3325088006634 1114.6833192613683 1159.9816983399585 1376.112875231098 1375.4364251574302 1376.789325304766 19.03748098754164 1245.36 1216.7865699289239 1273.933430071076 1448.328876658793 1447.661530069964 1448.9962232476219 16.025552695937925
10 75 140133 1086.206466576563 1065.197392016802 1107.2155411363237 1312.8220336354923 1312.296460329347 1313.3476069416377 18.894481066036835 1184.12 1159.4420717973867 1208.797928202613 1355.4981795195217 1354.9782456655573 1356.0181133734861 14.496564584012809
Customer Sample LNB lb1 lb2 UB ub1 ub2 gap
10 25 34120 2321.1160051850748 2264.640703793385 2377.5913065767645 2468.7785461859444 2468.0801332551 2469.4769591167887 8.294722271742257 2499.72 2427.3950686961493 2572.0449313038503 2519.1125182066708 2518.3501395689686 2519.874896844373 3.670016645034068
10 50 51820 2341.5579194869347 2305.438300571352 2377.6775384025173 2495.523125379142 2494.818248244556 2496.2280025137284 7.6431200094802625 2552.52 2504.43682555571 2600.60317444429 2533.736418531696 2532.9917545963212 2534.481082467071 1.1854204444136351
10 75 74381 2280.3398390275424 2246.549769059643 2314.129908995442 2443.5961259308547 2442.980811041532 2444.2114408201774 8.086930142762409 2494.68 2451.9412543175786 2537.418745682421 2444.067901224465 2443.4648579678737 2444.6709444810563 -0.29739420975797665
10 100 96400 2308.828172202348 2280.8760449804995 2336.7802994241965 2493.555371020965 2492.8148371444477 2494.2959048974826 8.556316814614457 2524.56 2493.5221803102518 2555.597819689748 2531.8708924783195 2531.116075792278 2532.625709164361 1.5439916254743973
Customer Sample LNB lb1 lb2 UB ub1 ub2 gap
10 25 29926 2143.44132860162 2112.736045733887 2174.1466114693535 2296.3238283868372 2296.040787052458 2296.6068697212163 8.0061949831949 2281.88 2244.229745122067 2319.530254877933 2334.8091256983116 2334.495621759908 2335.1226296367154 3.892424464611049
10 50 41936 2155.734452476397 2133.8586073916367 2177.6102975611575 2304.8926659275166 2304.596798580764 2305.1885332742695 7.432360668534008 2307.64 2268.8689936590067 2346.411006340993 2340.5540522554406 2340.2493315973124 2340.858772913569 3.075357645987308
10 75 55447 2141.063080824098 2123.184526753498 2158.941634894698 2296.967614072264 2296.5580564172787 2297.3771717272493 7.582239743541414 2316.96 2276.4438273949772 2357.476172605023 2337.4377855109806 2336.9537609646245 2337.9218100573366 2.629599604139528
10 100 85515 2133.5902788829712 2120.223946495078 2146.9566112708644 2304.093454932828 2303.845232000861 2304.341677864795 7.9900360757403295 2341.16 2303.086917177267 2379.2330828227327 2336.0955664587286 2335.782073452781 2336.4090594646764 1.4262118250407854
Customer Sample LNB lb1 lb2 UB ub1 ub2 gap
10 25 26245 2444.4943218662916 2391.857651883297 2497.130991849286 2543.3676078995886 2542.6834222313096 2544.0517935678677 5.982352327470829 2650.96 2576.033164024986 2725.886835975014 2697.0625537457677 2696.342716122747 2697.7823913687885 4.5129372826112135
10 50 40264 2429.6667555063395 2386.76769665961 2472.565814353069 2597.583143862913 2596.96808799459 2598.198199731236 8.137581770840146 2750.4 2689.568807299763 2811.231192700237 2745.9711036013505 2745.348071087935 2746.594136114766 2.0762197102651982
10 75 57733 2433.351094540238 2388.0214895782938 2478.6806995021825 2490.3067964514503 2489.7201492853146 2490.893443617586 4.12992190825669 2742.4 2684.4882738874644 2800.311726112536 2682.2964467103347 2681.646523978967 2682.9463694417027 -0.0574705653204152
10 100 73752 2391.695078611972 2347.138690999572 2436.2514662243716 2500.7908010260153 2500.2639683177777 2501.317633734253 6.163908999614127 2740.24 2678.30149009305 2802.17850990695 2755.633195676331 2755.0666964992183 2756.199694853444 2.8262903049387407
Customer Sample LNB lb1 lb2 UB ub1 ub2 gap
10 25 26026 2306.1529022646337 2261.423795584291 2350.8820089449764 2380.33626277268 2379.9697941389313 2380.702731406429 5.010240642336414 2562.6 2475.039975148473 2650.160024851527 2524.1295189966468 2523.6807296332804 2524.578308360013 1.9622418939232968
10 50 38804 2274.0063537703636 2244.4611337854626 2303.5515737552646 2391.3759965454396 2391.015627439206 2391.736365651673 6.157669966525875 2459.92 2411.155777709746 2508.684222290254 2449.9397288693763 2449.57066213801 2450.3087956007425 1.597880967545457
10 75 59120 2268.9548157150666 2238.0111057326894 2299.898525697444 2377.9735030909264 2377.6313101551937 2378.315696026659 5.899325750924072 2531.68 2474.6978277367384 2588.6621722632613 2557.1273038798226 2556.673599226776 2557.5810085328694 3.240686434549188
10 100 73772 2247.4379402018217 2222.3067250133977 2272.5691553902457 2377.345125259605 2376.9211161673647 2377.7691343518454 6.538162477276212 2501.72 2425.595463805857 2577.8445361941426 2544.858505412306 2544.3347858742386 2545.3822249503733 4.7060421798479295
Customer Sample LNB lb1 lb2 UB ub1 ub2 gap
10 25 47842 2448.274360038274 2375.22025536922 2521.3284647073283 2698.4620825000075 2697.5502539045356 2699.3739110954793 12.00847553552553 2588.48 2509.1164463456935 2667.8435536543066 2816.6536422186487 2815.7551079850036 2817.5521764522937 10.94693942793157
10 50 80557 2489.5207348629624 2431.616835474711 2547.424634251214 2722.8407081022474 2721.7994933132004 2723.8819228912944 10.729726753586858 2646.24 2582.138682185985 2710.3413178140145 2722.846850437651 2721.8056346170465 2723.8880662582555 5.203935720713679
10 75 118629 2476.619007328803 2439.1243963797415 2514.1136182778646 2712.953761340105 2711.923028002579 2713.9844946776307 10.127548585370134 2630.28 2586.5751466603538 2673.9848533396466 2716.656441155558 2715.63745906727 2717.6754232438457 4.823985802800882
10 100 149709 2504.91588238654 2469.2129776266593 2540.618787146421 2624.1993181250396 2622.766529314065 2625.632106936014 5.957389418576562 2680.04 2640.318921566839 2719.761078433161 2750.1874388074575 2748.83113955236 2751.543738062555 4.042269616038619
Customer Sample LNB lb1 lb2 UB ub1 ub2 gap
10 25 49497 2447.894601940464 2374.4304054080803 2521.3587984728474 2698.4620825000075 2697.5502539045356 2699.3739110954793 12.037736022851615 2587.88 2508.1642578718606 2667.5957421281396 2816.6536422186487 2815.7551079850036 2817.5521764522937 10.980734311369426
10 50 82413 2488.043514750786 2430.9559979295946 2545.1310315719775 2722.9326172811006 2721.891387055821 2723.9738475063805 10.75699936858882 2646.04 2582.062937882186 2710.017062117814 2724.147942953099 2723.1053173926775 2725.1905685135207 5.252022823101322
10 75 117085 2471.5618343001743 2433.61256338992 2509.5111052104285 2712.953761340105 2711.923028002579 2713.9844946776307 10.330638654625528 2635.4 2591.6849691753514 2679.115030824649 2716.656441155558 2715.63745906727 2717.6754232438457 4.635963993011011
