925.98 12.889934148635934 1074.8987032916161 1.106960428473794 1129.8514360969205 5.916834192631485 1447.3792071280143 26.556910948770984 959.4829335824161 -10.788838737452352 7 1341.0646090997975 0.9703950391040236 0.48343304895628664 0.9694669955246974 0.48278153772376 548.198644192897 514.801355807103 1063.0 128944 0.0 
1494.22 10.739545997610513 2045.367981323816 18.156536364838214 1923.2505713660016 12.959859473171493 2410.322460964797 30.54871175494352 1690.1245578164444 0.9540455312522355 7 1272.1086986085056 0.9231196942963439 0.46372256919872273 0.9205817247758223 0.460993483612734 534.6115578350484 1139.3884421649516 1674.0 123019 0.0
1806.42 10.038844621513942 2166.482454351571 7.3151967620713965 2347.928312401379 14.477797750720606 3229.6742040589256 37.82654617371543 2034.4381086432857 1.2995287755849478 8 1501.2455154769752 0.9094229756977316 0.4495471653926642 0.9040841431273676 0.44609901470262714 620.5611349120111 1387.438865087989 2008.0 136308 0.0 
1982.8 12.30429013710747 2114.2691039687743 -6.940029334761199 2321.608757114339 2.6106361344739684 2864.0410149456766 21.055599825518375 2064.4294677257967 -9.521784848902977 9 1351.1355470199655 0.8250652619835246 0.4104164137284667 0.8138316015038761 0.4104164137284667 630.4063147052452 1630.5936852947548 2261.0 61902 0.0
customerNum=20 lambdaw=0.5
8 1279.7667212438948 0.9972455089820359 0.5021111428213885 0.9972455089820359 0.4995400735882259 575.5621785109261 389.4378214890739 965.0 198281 0.0 
7 1250.177319127887 0.958292487509331 0.4857351010272005 0.9576800294474876 0.48554150405749924 529.6010144083932 622.3989855916068 1152.0 101471 0.0 
8 1284.571535124475 0.9543383047053967 0.4722209885459287 0.950788244458992 0.47011744716882164 576.6758858038346 969.3241141961654 1546.0 129722 0.0 
9 1442.790733467667 0.9005846661175956 0.44724604322995004 0.8908404726025628 0.44242851609671635 648.1229321449737 1464.8770678550263 2113.0 104098 0.0 
8 1410.3714523982933 0.8253426657840451 0.41178471533834377 0.8165287041261384 0.41178471533834354 601.8738232393489 1556.126176760651 2158.0 49734 0.0 
3 747.8672255981892 0.8648217550274224 0.8986665625056118 0.8648217550274223 0.8937755063482467 269.7394898915579 1040.260510108442 1310.0 7344 0.0 
3 689.9626816541672 0.8865461396180073 0.9286301267654662 0.8829136216481034 0.9278228946291017 257.68914793412955 1056.3108520658704 1314.0 4877 0.0 
3 587.361801749113 0.8516225412175592 0.8886471627082828 0.8414250475576185 0.8809587091945743 237.41235817162442 1228.5876418283756 1466.0 4842 0.0 
4 608.9879420676052 0.8459568189195443 0.8228388947071695 0.828671978657216 0.8117699587721264 281.83924029793457 1216.1607597020654 1498.0 5268 0.0 
4 726.870170525275 0.9086597054201804 0.9150897042185226 0.8956126266501095 0.9150897042185226 305.56868154849803 990.431318451502 1296.0 4907 0.0 
3 747.8672255981892 0.8648217550274224 0.8986665625056118 0.8648217550274223 0.8937755063482467 269.7394898915579 1040.260510108442 1310.0 6486 0.0 
3 689.9626816541672 0.8865867900245114 0.9286667568020962 0.8829497971717442 0.9278609102154922 257.68914793412955 1056.3108520658704 1314.0 4713 0.0 
3 587.361801749113 0.851206402140262 0.8882980055742336 0.8410282364757673 0.8805432542714335 237.41235817162442 1228.5876418283756 1466.0 4345 0.0 
3 521.3440751796694 0.8354029025692956 0.8127918318791074 0.8171862377720871 0.8005184869655176 224.2053722122066 1293.7946277877934 1518.0 8216 0.0 
4 726.8701705252752 0.9086597054201804 0.9150897042185226 0.8956126266501095 0.9150897042185226 305.56868154849803 990.431318451502 1296.0 4823 0.0 
2 200.0 0.2745310523479074 0.9398875464680594 0.2664732241239991 0.9403758911211925 120.35427742161801 3188.645722578382 3309.0 16487 0.0 
3 426.4442587311611 0.4518972026146132 0.9760773572921828 0.43811062954528757 0.9765042979942693 205.7106243172875 2647.2893756827125 2853.0 22033 0.0 
4 576.4495341165896 0.8624612316810746 0.8836136507053767 0.8481571364393704 0.8777530103656036 275.151163627831 1437.848836372169 1713.0 22526 0.0 
4 694.0130357748767 0.9953638763584897 0.5092873268641808 0.9940414627089038 0.5030067070052898 298.9666220962697 451.0333779037303 750.0 12250 0.0 
2 692.8103789896193 0.9974027562070161 0.3356525375006981 0.9964530646062167 0.33140445062384083 218.23014206974563 273.7698579302544 492.0 7407 0.0 
2 200.0 0.2690332757526082 0.8944346478563966 0.2591973851461776 0.8950338600451467 120.11159879159186 3200.888401208408 3321.0 9131 0.0 
4 602.4091939562234 0.4549478564985497 0.9655607314676 0.43875068095151626 0.9661708253358925 280.5063432443003 2530.4936567556997 2811.0 9746 0.0 
3 612.689070505714 0.8588375126883672 0.8936936414920937 0.8383096722989453 0.8880071103620627 242.2372330742096 1239.7627669257904 1482.0 7532 0.0 
3 743.5332896192019 0.9932828370495834 0.5185439463862546 0.9911510093003192 0.5111599902808392 269.08720331245274 363.91279668754726 633.0 4459 0.0 
3 753.6642883011316 0.9986101798657687 0.3491529041842991 0.9979781578573548 0.3438870773464767 270.65641680899716 275.34358319100284 546.0 3854 0.0 
2 452.21955135770986 0.32453439919366694 0.9997321428571427 0.3157376331533635 0.9996534996534997 170.58034364865216 2939.419656351348 3110.0 1631 0.0 
2 400.2084019476264 0.4886448007390685 0.9953681946703742 0.475485188968335 0.9945822205265166 160.2404855904565 2406.7595144095435 2567.0 2117 0.0 
3 582.0979096832064 0.8649435069553302 0.8848162509786015 0.8520295112560392 0.8671183576220733 236.0566338070687 967.9433661929313 1204.0 1844 0.0 
4 778.5204199098637 0.9834831491758339 0.5128427333500557 0.9806176831016632 0.496723555495284 315.7476378179657 595.2523621820343 911.0 1603 0.0 
4 646.3018911497708 0.9825110883905824 0.3405015021114665 0.9782139345235561 0.3297563900925971 289.5812790543039 616.4187209456961 906.0 2093 0.0 
2 260.3496606233749 0.30325837481219403 0.9992905587052341 0.29576167632338385 0.998931133154995 132.330240275513 3014.669759724487 3147.0 979 0.0 
3 371.26741510850604 0.4598766133613204 0.9956131806619041 0.4484127111636044 0.993588930524154 193.8355999510568 2465.164400048943 2659.0 1002 0.0 
3 513.5830576467673 0.7377868221053214 0.8262757284330381 0.7287980927376146 0.8029410345380878 222.69848744116553 1596.3015125588345 1819.0 812 0.0 
2 501.6427605742841 0.7988246804733266 0.4510908929311748 0.7879201017585127 0.43293079103196547 179.8300330463751 1661.169966953625 1841.0 624 0.0 
2 437.9850334141021 0.7522778326962255 0.2823594909068723 0.7398183620327564 0.27077011284617003 167.37055649291574 1699.6294435070843 1867.0 422 0.0 
2 301.72608110778924 0.3017829453866373 0.9913373397573527 0.29728521192084123 0.9860334980576618 139.99454849995664 2973.0054515000434 3113.0 633 0.0 
2 383.91429448884304 0.4373734609549348 0.9660974877544757 0.43073851117045614 0.9481208302493177 156.63139697653196 2551.368603023468 2708.0 788 0.0 
4 638.5840926213712 0.6873926470499867 0.795032403549783 0.6837718731788759 0.7486867498215991 287.4191536410344 1894.5808463589656 2182.0 918 0.0 
3 592.6513448624819 0.7707787063208607 0.45889445359676 0.7683169171005081 0.4196386277350935 238.61364893152154 1751.3863510684785 1990.0 872 0.0 
4 600.0122242133766 0.734191742538242 0.2920259086837159 0.7301187221133063 0.2654532552813551 280.2773410652437 1715.7226589347563 1996.0 494 0.0 
3 300.0 0.0376092900412565 0.1354829829837187 0.03688379241045041 0.1359773371104816 180.49820197839836 7357.501798021602 7538.0 465523 0.0 
3 1214.585240422623 0.15697602254881432 0.35256526622512124 0.15421444615202742 0.35328368314150305 363.3677001370879 6853.632299862912 7217.0 309057 0.0 
6 1111.5294405302607 0.3728866821071293 0.38918492942465505 0.36735934524459113 0.38969497771018874 462.60167991794333 5099.398320082057 5562.0 227434 0.0 
9 1197.1807970345997 0.7914608354681828 0.4046486117387088 0.7819484089074364 0.4045649202398421 599.4353416704766 2258.5646583295234 2858.0 209432 0.0 
60 0.3333333333333333 9 1390.3202958415359 0.9503339213633791 0.3215767753733569 0.9447844075217909 0.3203371466511746 638.0116912656907 927.9883087343093 1566.0 223803 0.0 
60 0.5 5 1131.609422011892 0.7752961955415788 0.39640666908755146 0.7660174949016596 0.39632257473382565 425.9351369111523 2420.0648630888477 2846.0 185063 0.0 
60 1.0 7 1192.3391085638966 0.37129098355542667 0.3876010361383296 0.3659801436053115 0.388231919919406 518.5527311648784 5101.447268835122 5620.0 273215 0.0 
60 2.0 3 1214.585240422623 0.15697602254881432 0.35256526622512124 0.15421444615202742 0.35328368314150305 363.3677001370879 6853.632299862912 7217.0 303162 0.0 
60 3.0 3 300.0 0.0376092900412565 0.1354829829837187 0.03688379241045041 0.1359773371104816 180.49820197839836 7357.501798021602 7538.0 422136 0.0 
40 0.3333333333333333 7 1299.4833530176243 0.9875361504600945 0.345233066685789 0.9863804224068439 0.34318364532700874 540.2967243913656 562.7032756086344 1103.0 103813 0.0 
40 0.5 9 1361.1990091323946 0.9161992073338656 0.47707144186413786 0.9111316664778158 0.47493624756657377 631.9518626732472 1173.0481373267528 1805.0 103903 0.0 
40 1.0 6 1149.8122865092416 0.5301406937292403 0.5584844950784447 0.5225603475498493 0.5582917090627777 469.6731270010587 4161.326872998941 4631.0 106156 0.0 
40 2.0 9 900.0 0.209978621690919 0.4591614971934998 0.205674294792282 0.460319508989715 540.3905317841054 6270.609468215895 6811.0 113421 0.0 
40 3.0 9 900.0 0.1194135860852637 0.4088494688218144 0.11645746164574616 0.41020742358078605 539.5249552825244 6876.475044717476 7416.0 143212 0.0 
20 0.3333333333333333 5 1245.1874556830473 0.9976659279841108 0.3388766200054277 0.9974605723281317 0.3325884833584588 449.1358213050159 432.8641786949841 882.0 94800 0.0 
20 0.5 6 1185.5259509549671 0.9837159240301951 0.5006070745309542 0.9823148140221629 0.49212339322563925 476.61657155420266 723.3834284457973 1200.0 64018 0.0 
20 1.0 8 1340.6369345296648 0.863623825494848 0.8734866140240527 0.8580115236738632 0.86396862184164 588.0547124369907 1625.9452875630093 2214.0 29349 0.0 
20 2.0 8 1129.3226607163049 0.454082345319677 0.9221742433250647 0.44711959324626627 0.9226461184592025 545.3731305072815 4357.6268694927185 4903.0 9711 0.0 
20 `3.0 5 1507.3478285746187 0.30631000500969113 0.9524539550083786 0.3022458699507782 0.9524018838304552 500.9812771739962 5420.018722826004 5921.0 16775 0.0
10 0.3333333333333333 5 1211.2464001110916 0.9985064081630499 0.32956998348873084 0.998199351606097 0.32084615011915074 442.2981950567397 718.7018049432603 1161.0 58771 0.0 
10 0.5 5 1301.18427728076 1.0 0.49564451730111175 1.0 0.4825147347740668 460.12810916637795 858.871890833622 1319.0 73660 0.0 
10 1.0 5 1295.490893583686 0.920495765264617 0.8959633771401581 0.9131639417111709 0.8835417429716741 458.8818642206875 1484.1181357793125 1943.0 31756 0.0 
10 2.0 5 908.3553349490517 0.5202044287152495 0.991363062417536 0.5098981675771921 0.9918615670971861 382.0069458778871 3983.993054122113 4366.0 11400 0.0 
10 3.0 3 556.1877554464074 0.33112195711514625 0.9548127466518426 0.32363167091447925 0.9580319477423684 231.16378102474846 5340.8362189752515 5572.0 6930 0.0 
7 0.3333333333333333 5 1447.9298621689434 0.9980774074033393 0.34951404112699586 0.997918364475575 0.33784148361934657 489.9398312815249 1129.060168718475 1619.0 42629 0.0 
7 0.5 5 1314.6888523882785 0.9947567543010328 0.5233702539522228 0.9948561472143037 0.5057055522264633 463.43576870730044 1272.5642312926996 1736.0 47960 0.0 
7 1.0 7 1716.9912705753882 0.8852266600645566 0.9087269632289916 0.8791927117584896 0.8971948074538919 623.7325757509977 1771.2674242490023 2395.0 35562 0.0 
7 2.0 3 670.071081672904 0.4932369539893528 0.998529268373603 0.4859298350424647 0.998512691214675 254.16932556802385 4117.830674431976 4372.0 8121 0.0 
7 3.0 3 459.3136315635088 0.3243345483854471 0.9915276557009713 0.31936582122927537 0.9921146504787534 211.89699834124804 5211.103001658752 5423.0 2582 0.0 
